stt = [ 
    1  0.26906492E-01
    2  0.32169852E-01
    3  0.38048882E-01
    4  0.44465769E-01
    5  0.51339399E-01
    6  0.58586251E-01
    7  0.66120297E-01
    8  0.73855720E-01
    9  0.81705131E-01
   10  0.89582086E-01
   11  0.97400285E-01
   12  0.10507590E+00
   13  0.11252639E+00
   14  0.11967286E+00
   15  0.12643962E+00
   16  0.13275400E+00
   17  0.13854916E+00
   18  0.14376228E+00
   19  0.14833638E+00
   20  0.15222095E+00
   21  0.15537189E+00
   22  0.15775155E+00
   23  0.15933119E+00
   24  0.16008855E+00
   25  0.16001044E+00
   26  0.15909287E+00
   27  0.15734035E+00
   28  0.15476765E+00
   29  0.15139863E+00
   30  0.14726651E+00
   31  0.14241505E+00
   32  0.13689834E+00
   33  0.13077846E+00
   34  0.12412787E+00
   35  0.11702662E+00
   36  0.10956339E+00
   37  0.10183187E+00
   38  0.93933336E-01
   39  0.85971162E-01
   40  0.78051135E-01
   41  0.70279114E-01
   42  0.62759154E-01
   43  0.55590332E-01
   44  0.48866201E-01
   45  0.42670391E-01
   46  0.37076581E-01
   47  0.32144487E-01
   48  0.27920077E-01
   49  0.24434350E-01
   50  0.21702148E-01
   51  0.19721486E-01
   52  0.18476356E-01
   53  0.17935922E-01
   54  0.18057398E-01
   55  0.18787883E-01
   56  0.20067548E-01
   57  0.21832649E-01
   58  0.24018135E-01
   59  0.26560767E-01
   60  0.29403049E-01
   61  0.32493331E-01
   62  0.35789844E-01
   63  0.39259717E-01
   64  0.42881303E-01
   65  0.46641286E-01
   66  0.50535146E-01
   67  0.54564975E-01
   68  0.58734681E-01
   69  0.63052237E-01
   70  0.67521423E-01
   71  0.72141759E-01
   72  0.76906957E-01
   73  0.81798613E-01
   74  0.86791903E-01
   75  0.91848083E-01
   76  0.96919112E-01
   77  0.10194738E+00
   78  0.10686689E+00
   79  0.11160830E+00
   80  0.11609799E+00
   81  0.12026401E+00
   82  0.12403807E+00
   83  0.12735878E+00
   84  0.13017473E+00
   85  0.13244525E+00
   86  0.13414344E+00
   87  0.13525651E+00
   88  0.13578559E+00
   89  0.13574569E+00
   90  0.13516492E+00
   91  0.13408239E+00
   92  0.13254717E+00
   93  0.13061523E+00
   94  0.12834737E+00
   95  0.12580758E+00
   96  0.12306155E+00
   97  0.12017295E+00
   98  0.11720235E+00
   99  0.11420784E+00
  100  0.11124160E+00
  101  0.10835038E+00
  102  0.10557386E+00
  103  0.10294700E+00
  104  0.10049683E+00
  105  0.98244905E-01
  106  0.96206628E-01
  107  0.94391547E-01
  108  0.92804618E-01
  109  0.91445044E-01
  110  0.90308055E-01
  111  0.89384884E-01
  112  0.88663012E-01
  113  0.88126585E-01
  114  0.87757386E-01
  115  0.87534115E-01
  116  0.87433942E-01
  117  0.87432064E-01
  118  0.87503001E-01
  119  0.87619908E-01
  120  0.87756149E-01
  121  0.87884374E-01
  122  0.87978691E-01
  123  0.88013157E-01
  124  0.87963834E-01
  125  0.87808080E-01
  126  0.87525740E-01
  127  0.87097898E-01
  128  0.86508699E-01
  129  0.85745484E-01
  130  0.84796973E-01
  131  0.83656505E-01
  132  0.82318716E-01
  133  0.80781825E-01
  134  0.79047017E-01
  135  0.77117898E-01
  136  0.75000316E-01
  137  0.72702929E-01
  138  0.70236489E-01
  139  0.67613132E-01
  140  0.64847663E-01
  141  0.61955296E-01
  142  0.58953371E-01
  143  0.55859596E-01
  144  0.52692737E-01
  145  0.49471926E-01
  146  0.46217334E-01
  147  0.42948108E-01
  148  0.39684560E-01
  149  0.36445964E-01
  150  0.33251539E-01
  151  0.30120187E-01
  152  0.27069842E-01
  153  0.24118127E-01
  154  0.21281583E-01
  155  0.18575627E-01
  156  0.16014921E-01
  157  0.13612860E-01
  158  0.11381558E-01
  159  0.93318392E-02
  160  0.74733719E-02
  161  0.58143227E-02
  162  0.43612448E-02
  163  0.31194503E-02
  164  0.20926662E-02
  165  0.12830128E-02
  166  0.69131103E-03
  167  0.31671539E-03
  168  0.15695897E-03
  169  0.20842536E-03
  170  0.46612188E-03
  171  0.92374720E-03
  172  0.15739062E-02
  173  0.24080169E-02
  174  0.34166561E-02
  175  0.45895102E-02
  176  0.59156432E-02
  177  0.73835463E-02
  178  0.89813806E-02
  179  0.10697121E-01
  180  0.12518764E-01
  181  0.14434299E-01
  182  0.16432282E-01
  183  0.18501399E-01
  184  0.20631490E-01
  185  0.22812648E-01
  186  0.25036220E-01
  187  0.27294718E-01
  188  0.29581131E-01
  189  0.31890694E-01
  190  0.34218978E-01
  191  0.36563475E-01
  192  0.38922817E-01
  193  0.41297168E-01
  194  0.43687914E-01
  195  0.46097443E-01
  196  0.48529740E-01
  197  0.50989721E-01
  198  0.53483218E-01
  199  0.56016851E-01
  200  0.58598317E-01
  201  0.61234940E-01
  202  0.63935682E-01
  203  0.66708229E-01
  204  0.69560513E-01
  205  0.72500810E-01
  206  0.75536139E-01
  207  0.78672454E-01
  208  0.81915580E-01
  209  0.85269049E-01
  210  0.88735439E-01
  211  0.92315458E-01
  212  0.96008413E-01
  213  0.99810280E-01
  214  0.10371687E+00
  215  0.10772043E+00
  216  0.11181162E+00
  217  0.11597968E+00
  218  0.12021136E+00
  219  0.12449213E+00
  220  0.12880595E+00
  221  0.13313703E+00
  222  0.13746776E+00
  223  0.14178139E+00
  224  0.14606036E+00
  225  0.15029006E+00
  226  0.15445501E+00
  227  0.15854140E+00
  228  0.16253863E+00
  229  0.16643625E+00
  230  0.17022701E+00
  231  0.17390338E+00
  232  0.17746004E+00
  233  0.18089265E+00
  234  0.18419640E+00
  235  0.18736529E+00
  236  0.19039360E+00
  237  0.19327229E+00
  238  0.19598942E+00
  239  0.19853029E+00
  240  0.20087516E+00
  241  0.20300242E+00
  242  0.20488307E+00
  243  0.20648661E+00
  244  0.20777862E+00
  245  0.20872119E+00
  246  0.20927580E+00
  247  0.20940390E+00
  248  0.20906681E+00
  249  0.20823018E+00
  250  0.20686400E+00
  251  0.20494382E+00
  252  0.20245314E+00
  253  0.19938517E+00
  254  0.19574191E+00
  255  0.19153616E+00
  256  0.18679109E+00
  257  0.18154033E+00
  258  0.17582706E+00
  259  0.16970350E+00
  260  0.16322799E+00
  261  0.15646590E+00
  262  0.14948457E+00
  263  0.14235228E+00
  264  0.13513958E+00
  265  0.12791163E+00
  266  0.12073095E+00
  267  0.11365549E+00
  268  0.10673548E+00
  269  0.10001565E+00
  270  0.93533203E-01
  271  0.87319456E-01
  272  0.81400558E-01
  273  0.75797848E-01
  274  0.70530325E-01
  275  0.65615550E-01
  276  0.61071098E-01
  277  0.56917325E-01
  278  0.53177658E-01
  279  0.49879827E-01
  280  0.47057543E-01
  281  0.44748742E-01
  282  0.42998239E-01
  283  0.41855197E-01
  284  0.41372050E-01
  285  0.41604452E-01
  286  0.42607274E-01
  287  0.44434667E-01
  288  0.47136821E-01
  289  0.50756998E-01
  290  0.55330142E-01
  291  0.60881685E-01
  292  0.67422397E-01
  293  0.74950933E-01
  294  0.83450064E-01
  295  0.92886612E-01
  296  0.10321090E+00
  297  0.11435967E+00
  298  0.12625176E+00
  299  0.13879339E+00
  300  0.15187927E+00
  301  0.16539098E+00
  302  0.17920412E+00
  303  0.19318636E+00
  304  0.20720151E+00
  305  0.22111125E+00
  306  0.23477726E+00
  307  0.24806395E+00
  308  0.26084009E+00
  309  0.27297860E+00
  310  0.28436124E+00
  311  0.29487994E+00
  312  0.30443266E+00
  313  0.31292984E+00
  314  0.32029441E+00
  315  0.32645944E+00
  316  0.33136976E+00
  317  0.33498368E+00
  318  0.33726871E+00
  319  0.33821175E+00
  320  0.33780128E+00
  321  0.33604819E+00
  322  0.33296874E+00
  323  0.32859161E+00
  324  0.32295701E+00
  325  0.31611714E+00
  326  0.30813205E+00
  327  0.29907203E+00
  328  0.28901699E+00
  329  0.27805376E+00
  330  0.26627630E+00
  331  0.25378668E+00
  332  0.24068998E+00
  333  0.22709751E+00
  334  0.21312432E+00
  335  0.19888557E+00
  336  0.18449882E+00
  337  0.17008154E+00
  338  0.15575084E+00
  339  0.14161983E+00
  340  0.12779802E+00
  341  0.11439297E+00
  342  0.10150311E+00
  343  0.89223474E-01
  344  0.77640653E-01
  345  0.66832185E-01
  346  0.56869354E-01
  347  0.47812738E-01
  348  0.39712638E-01
  349  0.32611597E-01
  350  0.26540205E-01
  351  0.21519896E-01
  352  0.17561877E-01
  353  0.14667134E-01
  354  0.12827354E-01
  355  0.12024385E-01
  356  0.12231346E-01
  357  0.13412714E-01
  358  0.15525113E-01
  359  0.18517679E-01
  360  0.22332581E-01
 ]; 
