spt = [ 
    1  0.63639496E-13
    2  0.99330619E-13
    3  0.13315359E-12
    4  0.23880320E-12
    5  0.35812016E-12
    6  0.48700573E-12
    7  0.64273511E-12
    8  0.82640269E-12
    9  0.10204327E-11
   10  0.12899009E-11
   11  0.15473291E-11
   12  0.18471550E-11
   13  0.21866452E-11
   14  0.24936633E-11
   15  0.28331937E-11
   16  0.31551046E-11
   17  0.36779598E-11
   18  0.40527109E-11
   19  0.45574239E-11
   20  0.50338054E-11
   21  0.54315294E-11
   22  0.59204100E-11
   23  0.64734702E-11
   24  0.72176484E-11
   25  0.78141799E-11
   26  0.82878374E-11
   27  0.90312246E-11
   28  0.94934329E-11
   29  0.10153835E-10
   30  0.10839097E-10
   31  0.11633188E-10
   32  0.12175377E-10
   33  0.12859530E-10
   34  0.13447621E-10
   35  0.14242691E-10
   36  0.14909973E-10
   37  0.15664480E-10
   38  0.16386909E-10
   39  0.17182252E-10
   40  0.18121515E-10
   41  0.18871420E-10
   42  0.19161775E-10
   43  0.20048688E-10
   44  0.20930948E-10
   45  0.21728914E-10
   46  0.22126049E-10
   47  0.22628809E-10
   48  0.23026851E-10
   49  0.24199901E-10
   50  0.24591801E-10
   51  0.25163567E-10
   52  0.26218208E-10
   53  0.26011387E-10
   54  0.27073807E-10
   55  0.28173660E-10
   56  0.28215886E-10
   57  0.28681470E-10
   58  0.29677559E-10
   59  0.30000814E-10
   60  0.29799076E-10
   61  0.31195633E-10
   62  0.31051287E-10
   63  0.31978753E-10
   64  0.31476682E-10
   65  0.32550039E-10
   66  0.33180476E-10
   67  0.33663301E-10
   68  0.33100182E-10
   69  0.33404252E-10
   70  0.33850592E-10
   71  0.34283711E-10
   72  0.34659289E-10
   73  0.35018665E-10
   74  0.35057030E-10
   75  0.35420108E-10
   76  0.35554497E-10
   77  0.35567476E-10
   78  0.35873009E-10
   79  0.35917675E-10
   80  0.36545961E-10
   81  0.36618417E-10
   82  0.36925907E-10
   83  0.36426015E-10
   84  0.37016328E-10
   85  0.37086566E-10
   86  0.36725591E-10
   87  0.37154092E-10
   88  0.36777397E-10
   89  0.37369340E-10
   90  0.37820223E-10
   91  0.36786282E-10
   92  0.37262735E-10
   93  0.36769181E-10
   94  0.36924335E-10
   95  0.38127546E-10
   96  0.37711247E-10
   97  0.37465961E-10
   98  0.37451715E-10
   99  0.37441928E-10
  100  0.36423069E-10
  101  0.36962735E-10
  102  0.36504053E-10
  103  0.36262521E-10
  104  0.36361254E-10
  105  0.36300917E-10
  106  0.35965727E-10
  107  0.35745903E-10
  108  0.36024295E-10
  109  0.35590846E-10
  110  0.35589129E-10
  111  0.35194198E-10
  112  0.34685081E-10
  113  0.35128886E-10
  114  0.34443490E-10
  115  0.34389828E-10
  116  0.33638065E-10
  117  0.33884326E-10
  118  0.33309661E-10
  119  0.32613377E-10
  120  0.32803885E-10
  121  0.32183506E-10
  122  0.31881157E-10
  123  0.31702675E-10
  124  0.30793770E-10
  125  0.30561609E-10
  126  0.30185601E-10
  127  0.29539801E-10
  128  0.29143413E-10
  129  0.28376060E-10
  130  0.28133921E-10
  131  0.27289556E-10
  132  0.26724491E-10
  133  0.26154573E-10
  134  0.25118277E-10
  135  0.24966218E-10
  136  0.24052363E-10
  137  0.23639719E-10
  138  0.22880121E-10
  139  0.22171801E-10
  140  0.21140910E-10
  141  0.20510009E-10
  142  0.19909546E-10
  143  0.19230381E-10
  144  0.18578286E-10
  145  0.17694146E-10
  146  0.16909021E-10
  147  0.16254852E-10
  148  0.15223650E-10
  149  0.14631929E-10
  150  0.14049854E-10
  151  0.13394244E-10
  152  0.12347116E-10
  153  0.11618849E-10
  154  0.11223165E-10
  155  0.10270133E-10
  156  0.96640907E-11
  157  0.89120378E-11
  158  0.83705941E-11
  159  0.76491686E-11
  160  0.70645304E-11
  161  0.64530386E-11
  162  0.58740816E-11
  163  0.52802411E-11
  164  0.47444154E-11
  165  0.42133064E-11
  166  0.38012015E-11
  167  0.32501443E-11
  168  0.28390569E-11
  169  0.24535172E-11
  170  0.21906262E-11
  171  0.18044879E-11
  172  0.14778004E-11
  173  0.11638083E-11
  174  0.93490461E-12
  175  0.74540282E-12
  176  0.52127188E-12
  177  0.36112606E-12
  178  0.23873926E-12
  179  0.13596089E-12
  180  0.55774531E-13
  181  0.18939579E-13
  182  0.16073035E-13
  183  0.43408267E-13
  184  0.90470986E-13
  185  0.16859109E-12
  186  0.29124660E-12
  187  0.44367808E-12
  188  0.61466592E-12
  189  0.78527793E-12
  190  0.10686889E-11
  191  0.13116136E-11
  192  0.15813651E-11
  193  0.18512182E-11
  194  0.22681490E-11
  195  0.26373495E-11
  196  0.30486121E-11
  197  0.34005880E-11
  198  0.38807429E-11
  199  0.43438196E-11
  200  0.47985847E-11
  201  0.53519814E-11
  202  0.58879420E-11
  203  0.63395469E-11
  204  0.68504894E-11
  205  0.74456318E-11
  206  0.82033833E-11
  207  0.88982597E-11
  208  0.93629436E-11
  209  0.97576522E-11
  210  0.10398997E-10
  211  0.11032931E-10
  212  0.11945852E-10
  213  0.12672737E-10
  214  0.13043963E-10
  215  0.13605170E-10
  216  0.14361011E-10
  217  0.15056074E-10
  218  0.15768848E-10
  219  0.16317094E-10
  220  0.17247325E-10
  221  0.17747406E-10
  222  0.18210277E-10
  223  0.18946055E-10
  224  0.19417409E-10
  225  0.20017554E-10
  226  0.20600849E-10
  227  0.21160669E-10
  228  0.21487494E-10
  229  0.22228852E-10
  230  0.22699117E-10
  231  0.22897070E-10
  232  0.24024296E-10
  233  0.24496934E-10
  234  0.24666692E-10
  235  0.25177532E-10
  236  0.25852088E-10
  237  0.26068295E-10
  238  0.26327560E-10
  239  0.26852718E-10
  240  0.26502165E-10
  241  0.27439516E-10
  242  0.27965468E-10
  243  0.27843970E-10
  244  0.28208564E-10
  245  0.28377599E-10
  246  0.28825799E-10
  247  0.29185966E-10
  248  0.29543118E-10
  249  0.29391187E-10
  250  0.29589921E-10
  251  0.29474256E-10
  252  0.29585698E-10
  253  0.29491829E-10
  254  0.30085250E-10
  255  0.30319840E-10
  256  0.30282159E-10
  257  0.30515059E-10
  258  0.30549115E-10
  259  0.30596681E-10
  260  0.30861994E-10
  261  0.31178147E-10
  262  0.30760429E-10
  263  0.30469259E-10
  264  0.30563743E-10
  265  0.30382034E-10
  266  0.30608471E-10
  267  0.30963346E-10
  268  0.30138600E-10
  269  0.30531258E-10
  270  0.31141967E-10
  271  0.30659621E-10
  272  0.30423990E-10
  273  0.29904183E-10
  274  0.30000048E-10
  275  0.30767739E-10
  276  0.30321596E-10
  277  0.29569687E-10
  278  0.29904537E-10
  279  0.29821826E-10
  280  0.29576123E-10
  281  0.28992956E-10
  282  0.29367273E-10
  283  0.28405674E-10
  284  0.28872054E-10
  285  0.28395716E-10
  286  0.28004475E-10
  287  0.28060124E-10
  288  0.27811534E-10
  289  0.28064336E-10
  290  0.27158055E-10
  291  0.27193792E-10
  292  0.26145364E-10
  293  0.27018183E-10
  294  0.26485278E-10
  295  0.25879857E-10
  296  0.25529438E-10
  297  0.25316369E-10
  298  0.25300113E-10
  299  0.24709243E-10
  300  0.23721700E-10
  301  0.23739160E-10
  302  0.23794352E-10
  303  0.22917803E-10
  304  0.22632337E-10
  305  0.22298843E-10
  306  0.21409449E-10
  307  0.20619393E-10
  308  0.20574603E-10
  309  0.20268370E-10
  310  0.19604211E-10
  311  0.19518722E-10
  312  0.18808347E-10
  313  0.18245835E-10
  314  0.17620122E-10
  315  0.16831434E-10
  316  0.16583136E-10
  317  0.15559920E-10
  318  0.15434149E-10
  319  0.14755827E-10
  320  0.14463565E-10
  321  0.13881150E-10
  322  0.13255643E-10
  323  0.12947769E-10
  324  0.12048418E-10
  325  0.11314805E-10
  326  0.11197833E-10
  327  0.10358706E-10
  328  0.98522544E-11
  329  0.95004239E-11
  330  0.89203991E-11
  331  0.83779815E-11
  332  0.80232366E-11
  333  0.75476127E-11
  334  0.69975518E-11
  335  0.65032198E-11
  336  0.61780602E-11
  337  0.57620631E-11
  338  0.50564440E-11
  339  0.47183559E-11
  340  0.43916385E-11
  341  0.39322924E-11
  342  0.34802248E-11
  343  0.31661188E-11
  344  0.28321583E-11
  345  0.25313430E-11
  346  0.22344437E-11
  347  0.19098232E-11
  348  0.16705669E-11
  349  0.14396247E-11
  350  0.11824567E-11
  351  0.95859117E-12
  352  0.75917500E-12
  353  0.60851037E-12
  354  0.45038818E-12
  355  0.34156019E-12
  356  0.22986414E-12
  357  0.13951210E-12
  358  0.84094143E-13
  359  0.48623367E-13
  360  0.41374337E-13
 ]; 
