stt = [ 
    1  0.24178979E+00
    2  0.24172933E+00
    3  0.24154831E+00
    4  0.24124511E+00
    5  0.24082284E+00
    6  0.24028069E+00
    7  0.23962028E+00
    8  0.23884395E+00
    9  0.23795006E+00
   10  0.23694311E+00
   11  0.23582453E+00
   12  0.23459511E+00
   13  0.23325863E+00
   14  0.23181587E+00
   15  0.23027097E+00
   16  0.22862726E+00
   17  0.22688451E+00
   18  0.22504850E+00
   19  0.22312355E+00
   20  0.22110951E+00
   21  0.21901190E+00
   22  0.21683516E+00
   23  0.21458171E+00
   24  0.21225581E+00
   25  0.20986041E+00
   26  0.20740087E+00
   27  0.20488095E+00
   28  0.20230410E+00
   29  0.19967218E+00
   30  0.19699377E+00
   31  0.19427003E+00
   32  0.19150484E+00
   33  0.18870500E+00
   34  0.18587162E+00
   35  0.18300998E+00
   36  0.18012375E+00
   37  0.17721684E+00
   38  0.17429422E+00
   39  0.17135717E+00
   40  0.16841069E+00
   41  0.16545947E+00
   42  0.16250533E+00
   43  0.15955201E+00
   44  0.15660363E+00
   45  0.15366238E+00
   46  0.15073209E+00
   47  0.14781491E+00
   48  0.14491490E+00
   49  0.14203294E+00
   50  0.13917300E+00
   51  0.13633706E+00
   52  0.13352728E+00
   53  0.13074525E+00
   54  0.12799363E+00
   55  0.12527414E+00
   56  0.12258834E+00
   57  0.11993739E+00
   58  0.11732412E+00
   59  0.11474823E+00
   60  0.11221203E+00
   61  0.10971565E+00
   62  0.10726038E+00
   63  0.10484750E+00
   64  0.10247564E+00
   65  0.10014766E+00
   66  0.97863033E-01
   67  0.95622331E-01
   68  0.93424886E-01
   69  0.91271870E-01
   70  0.89161925E-01
   71  0.87096386E-01
   72  0.85074186E-01
   73  0.83096094E-01
   74  0.81159942E-01
   75  0.79267405E-01
   76  0.77416703E-01
   77  0.75607762E-01
   78  0.73840022E-01
   79  0.72112337E-01
   80  0.70425048E-01
   81  0.68776339E-01
   82  0.67166194E-01
   83  0.65594263E-01
   84  0.64058341E-01
   85  0.62558450E-01
   86  0.61093591E-01
   87  0.59663910E-01
   88  0.58267247E-01
   89  0.56903183E-01
   90  0.55570569E-01
   91  0.54269753E-01
   92  0.52998614E-01
   93  0.51757082E-01
   94  0.50544463E-01
   95  0.49358934E-01
   96  0.48200551E-01
   97  0.47068376E-01
   98  0.45961954E-01
   99  0.44879831E-01
  100  0.43822050E-01
  101  0.42787597E-01
  102  0.41775815E-01
  103  0.40786296E-01
  104  0.39818127E-01
  105  0.38871188E-01
  106  0.37944332E-01
  107  0.37037637E-01
  108  0.36150049E-01
  109  0.35281468E-01
  110  0.34431539E-01
  111  0.33599615E-01
  112  0.32785363E-01
  113  0.31988502E-01
  114  0.31208420E-01
  115  0.30445350E-01
  116  0.29698299E-01
  117  0.28967148E-01
  118  0.28252255E-01
  119  0.27552303E-01
  120  0.26868219E-01
  121  0.26199125E-01
  122  0.25544986E-01
  123  0.24905248E-01
  124  0.24280287E-01
  125  0.23669675E-01
  126  0.23073312E-01
  127  0.22490965E-01
  128  0.21922572E-01
  129  0.21368043E-01
  130  0.20827182E-01
  131  0.20299973E-01
  132  0.19785926E-01
  133  0.19285483E-01
  134  0.18798159E-01
  135  0.18324111E-01
  136  0.17862912E-01
  137  0.17414434E-01
  138  0.16978910E-01
  139  0.16556131E-01
  140  0.16145669E-01
  141  0.15747976E-01
  142  0.15362442E-01
  143  0.14988892E-01
  144  0.14627704E-01
  145  0.14278555E-01
  146  0.13941120E-01
  147  0.13615354E-01
  148  0.13301254E-01
  149  0.12998505E-01
  150  0.12707151E-01
  151  0.12426967E-01
  152  0.12157710E-01
  153  0.11899498E-01
  154  0.11652020E-01
  155  0.11414989E-01
  156  0.11188485E-01
  157  0.10972397E-01
  158  0.10766500E-01
  159  0.10570642E-01
  160  0.10384487E-01
  161  0.10208195E-01
  162  0.10041452E-01
  163  0.98842857E-02
  164  0.97363330E-02
  165  0.95976116E-02
  166  0.94681187E-02
  167  0.93474472E-02
  168  0.92357052E-02
  169  0.91327410E-02
  170  0.90383468E-02
  171  0.89524984E-02
  172  0.88751055E-02
  173  0.88060554E-02
  174  0.87453267E-02
  175  0.86928299E-02
  176  0.86485771E-02
  177  0.86123366E-02
  178  0.85842665E-02
  179  0.85642571E-02
  180  0.85521359E-02
  181  0.85482663E-02
  182  0.85522169E-02
  183  0.85641788E-02
  184  0.85842330E-02
  185  0.86122500E-02
  186  0.86484570E-02
  187  0.86928615E-02
  188  0.87451842E-02
  189  0.88057946E-02
  190  0.88748047E-02
  191  0.89521250E-02
  192  0.90379911E-02
  193  0.91324197E-02
  194  0.92353793E-02
  195  0.93471259E-02
  196  0.94676018E-02
  197  0.95972707E-02
  198  0.97359326E-02
  199  0.98837437E-02
  200  0.10040902E-01
  201  0.10207550E-01
  202  0.10383849E-01
  203  0.10569841E-01
  204  0.10765871E-01
  205  0.10971653E-01
  206  0.11187834E-01
  207  0.11414137E-01
  208  0.11651181E-01
  209  0.11898575E-01
  210  0.12156846E-01
  211  0.12425981E-01
  212  0.12706144E-01
  213  0.12997544E-01
  214  0.13300237E-01
  215  0.13614286E-01
  216  0.13939941E-01
  217  0.14277371E-01
  218  0.14626631E-01
  219  0.14987709E-01
  220  0.15361038E-01
  221  0.15746616E-01
  222  0.16144352E-01
  223  0.16554665E-01
  224  0.16977532E-01
  225  0.17413301E-01
  226  0.17861495E-01
  227  0.18322501E-01
  228  0.18796753E-01
  229  0.19284068E-01
  230  0.19785034E-01
  231  0.20298654E-01
  232  0.20826053E-01
  233  0.21366997E-01
  234  0.21921413E-01
  235  0.22489814E-01
  236  0.23072146E-01
  237  0.23668671E-01
  238  0.24279295E-01
  239  0.24904383E-01
  240  0.25544044E-01
  241  0.26198156E-01
  242  0.26867449E-01
  243  0.27551873E-01
  244  0.28251609E-01
  245  0.28966593E-01
  246  0.29697783E-01
  247  0.30444887E-01
  248  0.31208169E-01
  249  0.31988256E-01
  250  0.32785390E-01
  251  0.33599675E-01
  252  0.34431897E-01
  253  0.35281848E-01
  254  0.36150597E-01
  255  0.37038151E-01
  256  0.37945040E-01
  257  0.38871929E-01
  258  0.39819330E-01
  259  0.40787458E-01
  260  0.41777305E-01
  261  0.42789143E-01
  262  0.43823432E-01
  263  0.44881552E-01
  264  0.45963623E-01
  265  0.47070637E-01
  266  0.48202600E-01
  267  0.49361285E-01
  268  0.50546922E-01
  269  0.51759616E-01
  270  0.53001579E-01
  271  0.54272745E-01
  272  0.55573836E-01
  273  0.56906149E-01
  274  0.58270209E-01
  275  0.59666779E-01
  276  0.61097465E-01
  277  0.62561683E-01
  278  0.64061381E-01
  279  0.65597504E-01
  280  0.67169935E-01
  281  0.68779975E-01
  282  0.70428379E-01
  283  0.72116077E-01
  284  0.73843420E-01
  285  0.75611763E-01
  286  0.77420548E-01
  287  0.79271615E-01
  288  0.81164174E-01
  289  0.83099440E-01
  290  0.85077986E-01
  291  0.87099776E-01
  292  0.89165866E-01
  293  0.91275141E-01
  294  0.93428053E-01
  295  0.95625952E-01
  296  0.97866073E-01
  297  0.10015120E+00
  298  0.10247945E+00
  299  0.10485078E+00
  300  0.10726418E+00
  301  0.10971906E+00
  302  0.11221527E+00
  303  0.11475220E+00
  304  0.11732754E+00
  305  0.11994136E+00
  306  0.12259105E+00
  307  0.12527667E+00
  308  0.12799583E+00
  309  0.13074751E+00
  310  0.13352923E+00
  311  0.13633880E+00
  312  0.13917495E+00
  313  0.14203504E+00
  314  0.14491673E+00
  315  0.14781696E+00
  316  0.15073340E+00
  317  0.15366346E+00
  318  0.15660457E+00
  319  0.15955351E+00
  320  0.16250628E+00
  321  0.16545969E+00
  322  0.16841197E+00
  323  0.17135771E+00
  324  0.17429398E+00
  325  0.17721733E+00
  326  0.18012424E+00
  327  0.18300967E+00
  328  0.18587169E+00
  329  0.18870403E+00
  330  0.19150525E+00
  331  0.19426939E+00
  332  0.19699253E+00
  333  0.19967148E+00
  334  0.20230202E+00
  335  0.20487839E+00
  336  0.20739922E+00
  337  0.20986021E+00
  338  0.21225439E+00
  339  0.21458036E+00
  340  0.21683401E+00
  341  0.21901168E+00
  342  0.22110833E+00
  343  0.22312194E+00
  344  0.22504802E+00
  345  0.22688483E+00
  346  0.22862574E+00
  347  0.23027040E+00
  348  0.23181543E+00
  349  0.23325753E+00
  350  0.23459397E+00
  351  0.23582400E+00
  352  0.23694326E+00
  353  0.23795041E+00
  354  0.23884197E+00
  355  0.23962031E+00
  356  0.24027999E+00
  357  0.24082235E+00
  358  0.24124481E+00
  359  0.24154769E+00
  360  0.24172936E+00
 ]; 
