spt = [ 
    1  0.47627139E+00
    2  0.50593823E+00
    3  0.53691328E+00
    4  0.56908500E+00
    5  0.60233790E+00
    6  0.63654739E+00
    7  0.67157960E+00
    8  0.70729387E+00
    9  0.74353707E+00
   10  0.78014666E+00
   11  0.81694996E+00
   12  0.85376346E+00
   13  0.89038968E+00
   14  0.92662352E+00
   15  0.96224594E+00
   16  0.99702591E+00
   17  0.10307323E+01
   18  0.10631166E+01
   19  0.10939299E+01
   20  0.11229215E+01
   21  0.11498387E+01
   22  0.11744252E+01
   23  0.11964499E+01
   24  0.12156763E+01
   25  0.12318897E+01
   26  0.12448997E+01
   27  0.12545407E+01
   28  0.12606715E+01
   29  0.12631862E+01
   30  0.12620203E+01
   31  0.12571453E+01
   32  0.12485844E+01
   33  0.12363900E+01
   34  0.12206700E+01
   35  0.12015673E+01
   36  0.11792755E+01
   37  0.11540127E+01
   38  0.11260331E+01
   39  0.10956210E+01
   40  0.10630718E+01
   41  0.10287071E+01
   42  0.99284256E+00
   43  0.95579416E+00
   44  0.91787797E+00
   45  0.87939477E+00
   46  0.84063214E+00
   47  0.80186212E+00
   48  0.76333737E+00
   49  0.72529382E+00
   50  0.68796307E+00
   51  0.65156865E+00
   52  0.61633623E+00
   53  0.58249855E+00
   54  0.55031133E+00
   55  0.52005494E+00
   56  0.49205044E+00
   57  0.46666080E+00
   58  0.44430032E+00
   59  0.42543793E+00
   60  0.41059798E+00
   61  0.40035948E+00
   62  0.39535037E+00
   63  0.39624014E+00
   64  0.40372637E+00
   65  0.41852036E+00
   66  0.44133300E+00
   67  0.47284871E+00
   68  0.51370734E+00
   69  0.56447810E+00
   70  0.62564021E+00
   71  0.69755167E+00
   72  0.78044075E+00
   73  0.87436861E+00
   74  0.97922605E+00
   75  0.10947134E+01
   76  0.12203355E+01
   77  0.13553905E+01
   78  0.14989909E+01
   79  0.16500351E+01
   80  0.18072449E+01
   81  0.19691951E+01
   82  0.21342950E+01
   83  0.23008685E+01
   84  0.24671433E+01
   85  0.26312866E+01
   86  0.27914603E+01
   87  0.29458587E+01
   88  0.30927277E+01
   89  0.32303886E+01
   90  0.33573077E+01
   91  0.34720931E+01
   92  0.35735188E+01
   93  0.36605434E+01
   94  0.37323339E+01
   95  0.37882724E+01
   96  0.38279309E+01
   97  0.38511000E+01
   98  0.38577721E+01
   99  0.38481176E+01
  100  0.38224792E+01
  101  0.37813511E+01
  102  0.37253799E+01
  103  0.36553066E+01
  104  0.35719903E+01
  105  0.34763610E+01
  106  0.33694074E+01
  107  0.32521827E+01
  108  0.31257551E+01
  109  0.29912364E+01
  110  0.28497407E+01
  111  0.27024047E+01
  112  0.25503457E+01
  113  0.23947093E+01
  114  0.22366214E+01
  115  0.20772212E+01
  116  0.19176329E+01
  117  0.17589856E+01
  118  0.16024047E+01
  119  0.14490094E+01
  120  0.12999272E+01
  121  0.11562752E+01
  122  0.10191547E+01
  123  0.88967776E+00
  124  0.76892364E+00
  125  0.65796453E+00
  126  0.55784672E+00
  127  0.46958613E+00
  128  0.39416051E+00
  129  0.33250540E+00
  130  0.28550532E+00
  131  0.25398552E+00
  132  0.23870569E+00
  133  0.24035165E+00
  134  0.25952953E+00
  135  0.29676014E+00
  136  0.35247031E+00
  137  0.42698804E+00
  138  0.52053940E+00
  139  0.63324279E+00
  140  0.76510310E+00
  141  0.91601545E+00
  142  0.10857477E+01
  143  0.12739604E+01
  144  0.14801794E+01
  145  0.17038172E+01
  146  0.19441711E+01
  147  0.22004001E+01
  148  0.24715590E+01
  149  0.27565668E+01
  150  0.30542443E+01
  151  0.33632977E+01
  152  0.36823187E+01
  153  0.40098147E+01
  154  0.43441763E+01
  155  0.46837387E+01
  156  0.50267396E+01
  157  0.53713546E+01
  158  0.57157173E+01
  159  0.60579014E+01
  160  0.63959646E+01
  161  0.67279406E+01
  162  0.70518694E+01
  163  0.73658175E+01
  164  0.76678538E+01
  165  0.79561009E+01
  166  0.82287664E+01
  167  0.84841099E+01
  168  0.87204714E+01
  169  0.89363279E+01
  170  0.91302776E+01
  171  0.93010035E+01
  172  0.94473972E+01
  173  0.95684595E+01
  174  0.96633615E+01
  175  0.97314720E+01
  176  0.97722950E+01
  177  0.97855597E+01
  178  0.97711582E+01
  179  0.97291613E+01
  180  0.96598339E+01
  181  0.95636234E+01
  182  0.94411659E+01
  183  0.92932396E+01
  184  0.91208239E+01
  185  0.89250355E+01
  186  0.87071075E+01
  187  0.84684811E+01
  188  0.82106543E+01
  189  0.79352541E+01
  190  0.76440244E+01
  191  0.73387461E+01
  192  0.70213084E+01
  193  0.66936197E+01
  194  0.63576469E+01
  195  0.60153451E+01
  196  0.56687169E+01
  197  0.53197246E+01
  198  0.49703116E+01
  199  0.46223993E+01
  200  0.42778354E+01
  201  0.39384360E+01
  202  0.36059194E+01
  203  0.32819433E+01
  204  0.29680660E+01
  205  0.26657460E+01
  206  0.23763430E+01
  207  0.21010895E+01
  208  0.18411167E+01
  209  0.15974220E+01
  210  0.13708830E+01
  211  0.11622317E+01
  212  0.97207820E+00
  213  0.80090088E+00
  214  0.64901322E+00
  215  0.51661569E+00
  216  0.40375981E+00
  217  0.31036237E+00
  218  0.23620263E+00
  219  0.18093142E+00
  220  0.14407627E+00
  221  0.12504375E+00
  222  0.12313358E+00
  223  0.13754265E+00
  224  0.16737808E+00
  225  0.21166888E+00
  226  0.26937321E+00
  227  0.33940029E+00
  228  0.42061248E+00
  229  0.51184285E+00
  230  0.61190784E+00
  231  0.71960866E+00
  232  0.83375674E+00
  233  0.95316607E+00
  234  0.10766863E+01
  235  0.12031647E+01
  236  0.13314934E+01
  237  0.14606044E+01
  238  0.15894363E+01
  239  0.17169938E+01
  240  0.18423114E+01
  241  0.19644454E+01
  242  0.20825150E+01
  243  0.21956666E+01
  244  0.23030784E+01
  245  0.24039874E+01
  246  0.24976537E+01
  247  0.25833833E+01
  248  0.26605322E+01
  249  0.27285063E+01
  250  0.27867367E+01
  251  0.28347416E+01
  252  0.28720715E+01
  253  0.28983569E+01
  254  0.29132872E+01
  255  0.29166312E+01
  256  0.29082541E+01
  257  0.28881063E+01
  258  0.28562376E+01
  259  0.28128033E+01
  260  0.27580731E+01
  261  0.26924512E+01
  262  0.26164377E+01
  263  0.25306675E+01
  264  0.24358978E+01
  265  0.23329895E+01
  266  0.22228971E+01
  267  0.21066875E+01
  268  0.19854805E+01
  269  0.18604701E+01
  270  0.17328596E+01
  271  0.16038849E+01
  272  0.14747663E+01
  273  0.13466821E+01
  274  0.12207586E+01
  275  0.10980599E+01
  276  0.97953558E+00
  277  0.86605531E+00
  278  0.75834692E+00
  279  0.65704572E+00
  280  0.56264549E+00
  281  0.47552979E+00
  282  0.39596829E+00
  283  0.32412428E+00
  284  0.26006714E+00
  285  0.20378524E+00
  286  0.15519720E+00
  287  0.11416439E+00
  288  0.80503076E-01
  289  0.53994447E-01
  290  0.34390785E-01
  291  0.21421531E-01
  292  0.14802047E-01
  293  0.14227050E-01
  294  0.19375347E-01
  295  0.29906373E-01
  296  0.45457192E-01
  297  0.65640010E-01
  298  0.90038791E-01
  299  0.11820676E+00
  300  0.14966720E+00
  301  0.18390785E+00
  302  0.22039102E+00
  303  0.25855431E+00
  304  0.29781428E+00
  305  0.33757892E+00
  306  0.37724781E+00
  307  0.41623697E+00
  308  0.45397764E+00
  309  0.48992524E+00
  310  0.52358437E+00
  311  0.55450386E+00
  312  0.58228958E+00
  313  0.60661411E+00
  314  0.62722003E+00
  315  0.64392024E+00
  316  0.65660548E+00
  317  0.66523486E+00
  318  0.66984004E+00
  319  0.67052102E+00
  320  0.66743338E+00
  321  0.66079032E+00
  322  0.65085131E+00
  323  0.63790810E+00
  324  0.62228972E+00
  325  0.60434210E+00
  326  0.58442938E+00
  327  0.56292027E+00
  328  0.54018152E+00
  329  0.51657927E+00
  330  0.49246168E+00
  331  0.46817020E+00
  332  0.44402194E+00
  333  0.42031589E+00
  334  0.39732802E+00
  335  0.37530747E+00
  336  0.35448253E+00
  337  0.33505526E+00
  338  0.31720257E+00
  339  0.30107930E+00
  340  0.28681687E+00
  341  0.27452478E+00
  342  0.26429218E+00
  343  0.25619054E+00
  344  0.25027436E+00
  345  0.24657810E+00
  346  0.24512702E+00
  347  0.24592920E+00
  348  0.24898316E+00
  349  0.25427273E+00
  350  0.26177648E+00
  351  0.27146181E+00
  352  0.28328928E+00
  353  0.29720804E+00
  354  0.31316721E+00
  355  0.33110616E+00
  356  0.35095936E+00
  357  0.37265560E+00
  358  0.39611760E+00
  359  0.42126748E+00
  360  0.44801614E+00
 ]; 
