FDFD PBC COMPARISON

Index: 121

Frequency: 11006030150.75377

Phi = 90
 
 
FDTD VALUES

reflection_ex_dft: -1.397795679777258e-10 + 2.542716533706783e-11i

reflection_ey_dft: -1.397795679777258e-10 + 2.542716533706783e-11i
 
reflection_hx_dft: 6.526069274070250e-14 + 3.519079258037800e-13i

reflection_hy_dft: -6.526069274070250e-14 - 3.519079258037800e-13i


transmission_ex_dft: 3.198181149314773e-10 - 3.560618486041313e-11i

transmission_ey_dft: 3.198181149314773e-10 - 3.560618486041313e-11i

transmission_hx_dft: 3.318147249133987e-14 + 4.632338579176835e-13i

transmission_hy_dft: -3.318147249133987e-14 - 4.632338579176835e-13i


aGamma_co: 1.003424847809694

aGamma_cr: 0

pGamma_co: 87.005124877181070

pGamma_cr: -136.4044811458627


aT_co: 3.291413797367455

aT_cr: 0

pT_co: -102.8568077346841

pT_cr: 77.143192265315970



FDFD VALUES

Relfection Scatter:

Escat_y0: 0.004208761616494 + 0.045976974626072i

Escat_x0: -1.168246672674769e-06 - 6.887847123650354e-05i

Hscat_y0: -2.486955853243939e-08 + 2.124123483207047e-07i

Hscat_x0: 1.716923763184595e-06 + 1.146956002492515e-04i


Transmission Scatter:

Escat_y0: 0.497594420687468 + 0.388095596588025i

Escat_x0: -3.339483383531655e-04 + 3.082732315794946e-04i

Hscat_y0: -8.771768889808994e-07 - 1.966671679247755e-07i

Hscat_x0: -0.001557630673341 - 0.000910402028912i


aGamma_co: 0.050502631181916

aGamma_cr: 0.001542535643508

pGamma_co: -49.036148819018210

pGamma_cr: -177.8554155870266e+02


aT_co: 14.130252132199440

aT_cr: 0.010176675498581

pT_co: -19.340927162433786

pT_cr: 79.996234989706680
